# Best Scalping Strategy Configuration
# Generated by fast_optimizer.py

rsi_period=5
rsi_oversold=30
rsi_overbought=70
ema_fast=5
ema_slow=15
vol_threshold=2.0
stop_loss=0.6
take_profit=1.8
ml_enabled=True
profit=807.291061537682
profit_factor=3.558610520841217
win_rate=54.54545454545454
total_trades=11
sharpe=0.5886566232644843
max_dd=1.236687895877455
